# frequency (cm^-1)
-0.0000
-0.0000
-0.0000
-0.0000
 8.7916
 13.6783
 21.6032
 22.3375
 28.4789
 38.4932
 46.6481
 49.5375
 60.6589
 67.0928
 71.1071
 83.4783
 95.1674
 100.4027
 111.5403
 117.9929
 125.0449
 161.0899
 161.7569
 182.8278
 192.8683
 202.1165
 212.4675
 228.4793
 243.5791
 246.6250
 260.6460
 286.9103
 303.8471
 310.9004
 333.6612
 343.9776
 369.5864
 391.3746
 402.5230
 417.8625
 426.4697
 434.6173
 458.1480
 469.1279
 480.0493
 493.2783
 537.4395
 547.9350
 579.7297
 593.2043
 615.9018
 627.4553
 633.8669
 649.9803
 682.1595
 684.9692
 698.2646
 717.9736
 760.1367
 782.5329
 795.3168
 843.3304
 852.0412
 894.0581
 909.2155
 936.6374
 966.3886
 972.8003
 1008.2295
 1042.3160
 1056.4209
 1062.4711
 1069.4374
 1074.3798
 1086.5218
 1097.6145
 1117.8902
 1122.3851
 1131.1551
 1134.7024
 1145.5641
 1148.6377
 1181.5851
 1186.3303
 1211.1341
 1226.4961
 1231.1264
 1249.0691
 1254.1298
 1263.5361
 1273.6680
 1281.2500
 1291.1153
 1295.1592
 1313.3958
 1316.0810
 1325.3620
 1339.6441
 1341.3103
 1345.4810
 1353.1222
 1394.9661
 1441.7196
 1446.3447
 1457.6494
 1465.2744
 1519.6626
 1566.9581
 1588.8876
 1786.8106
 1797.1988
 2801.4560
 2882.1675
 2922.1284
 2963.5102
 2964.0946
 2979.7330
 2982.9530
 2992.3993
 3003.0438
 3010.4726
 3058.0729
 3172.3647
 3336.8097
 3407.5441
 3437.3378
 3461.0356
 3528.3118
 3539.8856
 3624.3603
 3636.4579
 3663.5857
