# frequency (cm^-1)
-0.0000
-0.0000
-0.0000
-0.0000
-0.0000
-0.0000
-0.0000
-0.0000
-0.0000
-0.0000
-0.0000
 0.2538
 2.8643
 15.6002
 21.3645
 35.5121
 48.9614
 69.1802
 84.6858
 87.7340
 96.5300
 106.7737
 111.2393
 118.9508
 131.4363
 153.9147
 185.2811
 189.5380
 208.5974
 229.5143
 245.3558
 251.2607
 265.7582
 275.8897
 291.8051
 299.9994
 315.4486
 324.8425
 339.2616
 348.5489
 359.4036
 372.2646
 377.1829
 387.2292
 408.5422
 431.1381
 442.2005
 499.8807
 515.1934
 519.9015
 542.4466
 564.5418
 574.5700
 589.4189
 606.0996
 616.5970
 636.5566
 683.6011
 697.8963
 713.1554
 734.2882
 801.0820
 815.2249
 852.0548
 868.4241
 875.6497
 897.6601
 913.7845
 944.5810
 978.1300
 1006.0242
 1012.3734
 1040.5244
 1043.2770
 1054.0634
 1082.5323
 1084.2719
 1088.7587
 1095.1276
 1104.2998
 1115.0599
 1130.2330
 1140.1322
 1144.1997
 1160.8090
 1181.2021
 1197.3850
 1214.9342
 1217.9061
 1238.3209
 1265.4319
 1278.5946
 1287.4271
 1291.4210
 1294.4429
 1302.5982
 1304.8041
 1314.0418
 1323.7419
 1328.4355
 1337.4633
 1346.3733
 1372.0845
 1401.2898
 1457.2816
 1469.0158
 1471.1480
 1638.3768
 1720.3439
 1740.9271
 1808.0764
 2749.8388
 2848.9985
 2876.4610
 2922.4393
 2925.3905
 2972.1928
 2974.6637
 2986.8298
 3002.6714
 3202.3802
 3256.7673
 3374.0053
 3397.5600
 3457.5331
 3462.0984
 3482.3912
 3500.3391
 3550.1778
 3611.1237
 3706.8036
 4019.9850
