# frequency (cm^-1)
-0.0000
-0.0000
-0.0000
-0.0000
 6.2166
 9.6720
 15.2758
 15.7950
 20.1376
 27.2188
 32.9852
 35.0283
 42.8923
 47.4418
 50.2803
 59.0281
 67.2935
 70.9955
 78.8709
 83.4336
 88.4201
 113.9078
 114.3794
 129.2788
 136.3785
 142.9180
 150.2372
 161.5592
 172.2364
 174.3902
 184.3046
 202.8762
 214.8524
 219.8398
 235.9341
 243.2289
 261.3371
 276.7436
 284.6267
 295.4734
 301.5596
 307.3208
 323.9596
 331.7235
 339.4461
 348.8005
 380.0271
 387.4485
 409.9308
 419.4588
 435.5083
 443.6779
 448.2116
 459.6055
 482.3596
 484.3464
 493.7476
 507.6840
 537.4978
 553.3343
 562.3739
 596.3247
 602.4841
 632.1945
 642.9124
 662.3027
 683.3399
 687.8737
 712.9259
 737.0287
 747.0024
 751.2805
 756.2064
 759.7013
 768.2869
 776.1307
 790.4677
 793.6461
 799.8474
 802.3558
 810.0361
 812.2095
 835.5068
 838.8622
 856.4011
 867.2637
 870.5378
 883.2252
 886.8037
 893.4550
 900.6193
 905.9806
 912.9564
 915.8159
 928.7111
 930.6098
 937.1725
 947.2714
 948.4496
 951.3988
 956.8019
 986.3900
 1019.4497
 1022.7201
 1030.7138
 1036.1055
 1074.5637
 1108.0067
 1123.5132
 1263.4659
 1270.8114
 1980.9285
 2038.0002
 2066.2568
 2095.5182
 2095.9314
 2106.9894
 2109.2663
 2115.9459
 2123.4726
 2128.7256
 2162.3841
 2243.2006
 2359.4808
 2409.4975
 2430.5649
 2447.3217
 2494.8932
 2503.0771
 2562.8097
 2571.3641
 2590.5463
