# frequency (cm^-1)
-0.0000
-0.0000
-0.0000
-0.0000
-0.0000
-0.0000
-0.0000
-0.0000
 6.0419
 26.0999
 29.8545
 30.5427
 47.9066
 52.2917
 59.2277
 61.7111
 69.5295
 82.7729
 84.4790
 96.3117
 102.2817
 106.2781
 112.2721
 118.5370
 131.6911
 161.1545
 168.8587
 186.9442
 198.8557
 201.8763
 221.7351
 236.4094
 243.7034
 249.1994
 260.3431
 286.8953
 304.9213
 310.0258
 333.3287
 344.4743
 371.4226
 390.7849
 402.6998
 417.6215
 426.9269
 428.7385
 458.2616
 469.0432
 480.0981
 491.3219
 509.3780
 537.4703
 550.1210
 579.5063
 592.5890
 615.7869
 627.5868
 633.7088
 650.0529
 680.9462
 682.4211
 692.2852
 717.4855
 727.1863
 763.3209
 795.0575
 810.9011
 845.6605
 852.8578
 894.0793
 909.2085
 936.1237
 966.9254
 972.7932
 1008.3095
 1042.2934
 1056.4432
 1062.7200
 1069.4669
 1074.6521
 1086.5270
 1097.5297
 1118.0052
 1122.3601
 1131.2180
 1134.6598
 1145.5706
 1148.7545
 1181.8655
 1186.4405
 1211.1314
 1226.2176
 1231.1297
 1248.0974
 1254.0938
 1263.4827
 1273.7020
 1281.2694
 1291.1162
 1295.1543
 1313.2390
 1316.1044
 1325.1700
 1339.6348
 1341.1334
 1345.4809
 1352.8283
 1394.1314
 1441.8296
 1446.3719
 1457.6504
 1465.2654
 1519.6564
 1565.5114
 1574.3573
 1590.5357
 1786.8217
 1797.1734
 2801.4568
 2882.1613
 2922.1227
 2962.4511
 2964.0921
 2979.7037
 2982.9367
 2992.3996
 3003.0437
 3010.4726
 3058.0721
 3170.6511
 3179.2627
 3336.8114
 3407.5449
 3437.3379
 3461.0358
 3528.3118
 3539.8883
 3624.3602
 3636.4579
 3663.6256
 3675.8530
